image: /home/pablo/catkin_ws/maps/A_THISMAP_ETSII_MAP_071220_00:35:11.pgm
resolution: 0.050000
origin: [-100.000000, -100.000000, 0.000000]
negate: 0
occupied_thresh: 0.65
free_thresh: 0.196
eeee
